Microsatellite data for Rhizopogon spp. fungal and Pseudotsuga menziesii var. glauca tree genotypes from: 

Beiler, Kevin; Simard, Suzanne; Durall, Daniel. 2015 'Topology of tree-mycorrhizal fungus interaction networks in xeric and mesic Douglas-fir forests' Journal of Ecology

MS Reference Number: JEcol-2014-0405.R2


Rhizopogon vesiculosus

Gen_ID, #Reps, L1A1, L1A2, L2A1, L2A2, L3A1, L3A2, L4A1, L4A2, L5A1, L5A2, L6A1, L6A2, L7A1, L7A2, L8A1, L8A2, L9A1, L9A2
VES-1-01, 65, 283, 294, 234, 237, 223, 226, 172, 172, 232, 246, 196, 199, 202, 202, 220, 220, 222, 231
VES-1-02, 1, 279, 283, 234, 234, 223, 223, 172, 172, 232, 246, 196, 199, 202, 202, 220, 229, 222, 222
VES-1-03, 2, 283, 294, 234, 237, 226, 226, 172, 172, 232, 232, 196, 196, 202, 205, 229, 232, 222, 234
VES-1-04, 1, 0, 0, 231, 231, 223, 223, 157, 157, 0, 0, 196, 199, 202, 202, 217, 220, 222, 234
VES-2-01, 28, 282, 294, 237, 237, 223, 226, 172, 172, 232, 232, 196, 199, 202, 202, 220, 220, 231, 231
VES-2-02, 1, 276, 282, 234, 234, 223, 226, 172, 172, 232, 237, 196, 196, 202, 205, 214, 220, 219, 219
VES-3-01, 71, 276, 282, 234, 234, 226, 226, 172, 172, 232, 246, 193, 196, 202, 205, 220, 232, 225, 234
VES-3-02, 1, 276, 282, 234, 234, 226, 226, 172, 172, 232, 232, 193, 196, 202, 202, 220, 220, 225, 234
VES-3-03, 2, 282, 282, 234, 234, 223, 226, 172, 172, 234, 237, 196, 196, 202, 202, 220, 220, 225, 234
VES-3-04, 5, 294, 294, 228, 234, 223, 223, 172, 172, 246, 246, 196, 199, 202, 202, 220, 220, 222, 222
VES-5-01, 49, 282, 294, 234, 243, 223, 226, 172, 172, 232, 246, 196, 196, 202, 202, 220, 220, 222, 225
VES-5-02, 5, 282, 282, 234, 234, 223, 226, 172, 172, 232, 246, 196, 196, 202, 202, 220, 220, 222, 225
VES-5-03, 5, 282, 282, 234, 243, 223, 226, 172, 172, 232, 246, 196, 196, 202, 202, 220, 220, 222, 225
VES-5-04, 1, 282, 282, 234, 234, 223, 226, 172, 172, 232, 232, 196, 199, 202, 202, 220, 220, 214, 214
VES-5-05, 1, 282, 282, 234, 234, 223, 226, 172, 172, 232, 232, 193, 196, 202, 202, 220, 223, 214, 214
VES-5-06, 30, 282, 282, 234, 243, 223, 223, 172, 172, 246, 246, 196, 196, 202, 205, 220, 220, 222, 231
VES-5-07, 21, 282, 282, 234, 234, 223, 226, 172, 172, 246, 246, 196, 196, 202, 202, 220, 232, 222, 225
VES-4-01, 7, 270, 282, 234, 234, 223, 223, 172, 172, 232, 246, 196, 196, 202, 202, 220, 229, 222, 222
VES-4-02, 45, 282, 294, 234, 234, 223, 223, 172, 172, 243, 246, 196, 199, 202, 205, 220, 232, 222, 225
VES-4-03, 5, 282, 282, 234, 234, 223, 223, 172, 172, 243, 246, 196, 199, 202, 205, 229, 229, 225, 225
VES-4-04, 2, 282, 282, 234, 234, 223, 223, 172, 172, 246, 246, 196, 199, 202, 205, 229, 232, 225, 231
VES-6-01, 62, 270, 294, 234, 234, 223, 226, 172, 172, 232, 232, 196, 199, 202, 202, 220, 229, 222, 222
VES-6-02, 18, 270, 276, 234, 234, 223, 223, 172, 172, 243, 246, 196, 196, 202, 202, 220, 220, 222, 234
VES-6-03, 5, 276, 282, 234, 234, 223, 226, 172, 172, 243, 246, 196, 196, 202, 202, 220, 232, 225, 234
VES-6-04, 41, 282, 282, 234, 234, 223, 223, 172, 172, 243, 246, 196, 196, 202, 202, 220, 232, 231, 234
VES-6-05, 2, 276, 282, 234, 234, 223, 226, 172, 172, 232, 246, 196, 196, 0, 0, 220, 220, 222, 225
VES-6-06, 1, 0, 0, 234, 234, 223, 223, 172, 172, 234, 246, 193, 196, 202, 202, 220, 232, 222, 234
VES-6-07, 1, 282, 282, 234, 234, 223, 226, 172, 172, 232, 234, 196, 196, 202, 202, 229, 232, 222, 225
*locus1 = Rv15, locus2 = Rv46, locus3 = Rve2.10, locus4 = Rve2.14, locus5 = Rve1.21, locus6 = Rve1.34, locus7 = Rve2.44, locus8 = Rve2.77, locus9 = Rve3.21


Rhizopogon vinicolor

Gen_ID, #Reps, L1A1, L1A2, L2A1, L2A2, L3A1, L3A2, L4A1, L4A2, L5A1, L5A2, L6A1, L6A2, L7A1, L7A2, L8A1, L8A2, L9A1, L9A2, L10A1, L10A2
VIN-1-01, 6, 279, 282, 236, 242, 217, 217, 164, 164, 0, 0, 194, 197, 0, 0, 223, 223, 214, 214, 249, 249
VIN-1-02, 1, 279, 282, 236, 242, 217, 217, 164, 164, 0, 0, 197, 197, 0, 0, 223, 223, 214, 214, 249, 251
VIN-2-01, 2, 279, 282, 227, 236, 215, 217, 156, 159, 0, 0, 197, 197, 0, 0, 217, 217, 202, 202, 257, 257
VIN-2-02, 5, 273, 282, 236, 236, 217, 217, 164, 172, 232, 232, 197, 200, 202, 202, 214, 220, 214, 214, 249, 251
VIN-2-03, 31, 279, 282, 236, 242, 217, 217, 164, 172, 232, 232, 197, 200, 202, 202, 214, 220, 214, 220, 251, 257
VIN-2-04, 1, 279, 282, 227, 230, 215, 215, 156, 159, 0, 0, 194, 197, 0, 0, 217, 217, 202, 202, 0, 0
VIN-3-01, 8, 274, 274, 236, 236, 217, 217, 164, 164, 232, 246, 197, 197, 202, 206, 220, 220, 214, 220, 251, 257
VIN-3-02, 3, 274, 274, 236, 242, 217, 217, 164, 164, 0, 0, 197, 197, 0, 0, 220, 220, 214, 220, 251, 257
VIN-3-03, 1, 274, 274, 230, 239, 217, 217, 164, 172, 0, 0, 197, 197, 0, 0, 220, 223, 214, 217, 246, 249
VIN-3-04, 35, 274, 283, 236, 242, 217, 217, 164, 164, 232, 232, 197, 197, 202, 202, 220, 223, 217, 220, 249, 257
VIN-3-05, 1, 275, 283, 236, 242, 217, 217, 164, 164, 0, 0, 197, 197, 0, 0, 220, 232, 225, 234, 249, 257
VIN-5-01, 3, 276, 288, 236, 242, 217, 217, 164, 164, 0, 0, 197, 200, 0, 0, 220, 220, 214, 214, 251, 251
VIN-5-02, 4, 297, 300, 236, 242, 217, 217, 164, 164, 0, 0, 197, 197, 0, 0, 220, 220, 214, 217, 246, 249
VIN-5-03, 1, 270, 282, 236, 242, 217, 217, 164, 164, 232, 232, 197, 197, 202, 202, 220, 220, 214, 217, 246, 249
VIN-5-04, 4, 276, 282, 236, 239, 217, 217, 164, 164, 232, 232, 194, 197, 202, 202, 214, 223, 214, 217, 246, 249
VIN-4-01, 5, 282, 288, 236, 236, 217, 217, 164, 164, 0, 0, 194, 197, 0, 0, 220, 223, 214, 214, 246, 249
VIN-4-02, 48, 279, 288, 236, 242, 217, 217, 164, 164, 232, 232, 197, 197, 202, 202, 223, 223, 214, 217, 249, 257
VIN-6-01, 64, 273, 279, 242, 245, 217, 217, 164, 164, 0, 0, 197, 197, 249, 249, 220, 223, 214, 214, 249, 249
VIN-6-02, 14, 279, 294, 230, 236, 217, 217, 164, 164, 0, 0, 197, 197, 257, 269, 220, 220, 214, 217, 257, 269
VIN-6-03, 18, 279, 279, 236, 242, 217, 217, 164, 164, 229, 229, 194, 194, 0, 0, 220, 220, 214, 217, 249, 257
VIN-6-04, 2, 0, 0, 236, 236, 217, 217, 164, 164, 0, 0, 197, 197, 0, 0, 220, 220, 214, 214, 251, 251
VIN-6-05, 1, 288, 288, 236, 236, 217, 217, 164, 164, 0, 0, 197, 197, 0, 0, 220, 223, 217, 217, 249, 257
VIN-6-06, 17, 279, 294, 236, 242, 217, 217, 164, 172, 0, 0, 197, 197, 0, 0, 220, 220, 217, 217, 257, 257
VIN-6-07, 1, 273, 282, 236, 242, 217, 217, 0, 0, 0, 0, 197, 200, 246, 246, 220, 229, 220, 223, 246, 246
VIN-6-08, 1, 273, 288, 236, 242, 217, 217, 164, 164, 0, 0, 194, 197, 0, 0, 220, 220, 214, 220, 246, 269
VIN-6-09, 2, 273, 282, 236, 242, 217, 217, 164, 164, 229, 232, 194, 197, 202, 202, 220, 220, 214, 217, 249, 249
VIN-6-10, 1, 273, 279, 0, 0, 217, 217, 164, 164, 0, 0, 194, 197, 0, 0, 220, 223, 214, 214, 246, 246
*locus1 = Rv15, locus2 = Rv46, locus3 = Rve2.10, locus4 = Rve2.14, locus5 = Rve1.21, locus6 = Rve1.34, locus7 = Rve2.44, locus8 = Rve2.77, locus9 = Rve3.21, locus10 = Rv53; locus3 and locus5 excluded for population genetic analysis



Psuedotsuga menziesii var. glauca

Gen_ID, L1A1, L1A2, L2A1, L2A2, L3A1, L3A2
T-1-001, 177, 199, 226, 234, 139, 155
T-1-002, 187, 187, 215, 222, 141, 141
T-1-003, 161, 201, 214, 258, 173, 173
T-1-004, 174, 178, 244, 244, 142, 142
T-1-005, 204, 204, 215, 243, 163, 163
T-1-006, 192, 199, 243, 291, 131, 132
T-1-007, 196, 196, 246, 291, 183, 183
T-1-008, 0, 0, 225, 266, 150, 150
T-1-009, 196, 210, 256, 268, 173, 173
T-1-010, 200, 200, 226, 239, 0, 0
T-1-011, 179, 191, 212, 256, 0, 0
T-1-012, 177, 199, 214, 225, 0, 0
T-1-013, 177, 177, 245, 245, 173, 173
T-1-014, 168, 211, 223, 223, 0, 0
T-1-015, 177, 199, 233, 239, 139, 139
T-1-016, 174, 204, 233, 270, 140, 140
T-1-017, 194, 201, 225, 225, 139, 139
T-1-018, 177, 177, 198, 227, 147, 147
T-1-019, 178, 195, 214, 231, 142, 142
T-1-020, 177, 177, 0, 0, 155, 155
T-1-021, 178, 206, 208, 239, 134, 168
T-1-022, 177, 199, 225, 225, 171, 173
T-1-023, 187, 192, 252, 291, 173, 173
T-1-024, 168, 187, 219, 219, 133, 133
T-1-025, 177, 199, 225, 239, 137, 142
T-1-026, 177, 199, 233, 252, 140, 140
T-1-027, 174, 178, 225, 291, 140, 170
T-1-028, 174, 178, 210, 214, 142, 142
T-1-029, 177, 204, 208, 222, 139, 139
T-1-030, 161, 177, 214, 233, 155, 163
T-1-031, 181, 181, 225, 225, 155, 155
T-1-032, 182, 200, 233, 283, 139, 139
T-1-033, 177, 187, 271, 271, 0, 0
T-1-034, 186, 204, 214, 214, 155, 155
T-1-035, 178, 204, 214, 226, 155, 155
T-1-036, 178, 200, 214, 226, 142, 142
T-1-037, 199, 199, 204, 216, 233, 233
T-1-038, 168, 190, 243, 307, 151, 161
T-1-039, 177, 187, 225, 291, 139, 149
T-1-040, 177, 191, 0, 0, 139, 139
T-1-041, 161, 161, 214, 255, 142, 142
T-1-042, 196, 196, 212, 230, 0, 0
T-1-043, 182, 182, 214, 214, 0, 0
T-1-044, 183, 196, 252, 311, 162, 162
T-1-045, 196, 210, 212, 212, 142, 142
T-1-046, 187, 199, 212, 212, 163, 173
T-1-047, 207, 209, 214, 252, 140, 140
T-1-048, 177, 187, 0, 0, 155, 155
T-1-049, 174, 178, 214, 214, 139, 139
T-1-050, 177, 199, 229, 277, 147, 147
T-1-051, 204, 204, 218, 308, 147, 147
T-1-052, 174, 174, 245, 245, 184, 184
T-1-053, 0, 0, 216, 242, 0, 0
T-1-054, 204, 204, 226, 226, 155, 155
T-1-055, 181, 199, 204, 204, 0, 0
T-1-056, 186, 197, 216, 242, 162, 162
T-1-057, 174, 196, 256, 258, 159, 163
T-2-001, 209, 209, 205, 307, 149, 173
T-2-002, 178, 182, 238, 242, 142, 148
T-2-003, 199, 210, 242, 242, 148, 148
T-2-004, 193, 205, 204, 242, 142, 148
T-2-005, 181, 189, 243, 260, 133, 133
T-2-006, 209, 217, 242, 316, 133, 133
T-2-007, 201, 217, 204, 226, 183, 183
T-2-008, 215, 217, 234, 354, 144, 144
T-2-009, 192, 218, 252, 345, 130, 130
T-2-010, 189, 217, 242, 258, 0, 0
T-2-011, 190, 201, 206, 283, 174, 174
T-2-012, 182, 210, 0, 0, 147, 162
T-2-013, 182, 210, 225, 241, 163, 163
T-2-014, 211, 217, 292, 316, 133, 173
T-2-015, 181, 187, 0, 0, 133, 133
T-2-016, 194, 194, 204, 278, 142, 186
T-2-017, 161, 182, 204, 270, 142, 142
T-3-001, 183, 210, 222, 240, 155, 175
T-3-002, 193, 197, 240, 254, 162, 162
T-3-003, 176, 197, 216, 216, 183, 183
T-3-004, 176, 180, 208, 208, 130, 130
T-3-005, 178, 213, 323, 323, 0, 0
T-3-006, 187, 194, 253, 253, 133, 133
T-3-007, 180, 217, 212, 252, 128, 133
T-3-008, 187, 197, 221, 229, 155, 155
T-3-009, 193, 201, 233, 291, 133, 155
T-3-010, 193, 210, 250, 291, 155, 155
T-3-011, 164, 218, 252, 300, 140, 164
T-3-012, 213, 217, 212, 252, 133, 133
T-3-013, 186, 206, 237, 335, 133, 133
T-3-014, 206, 210, 242, 242, 0, 0
T-3-015, 193, 201, 227, 233, 133, 155
T-3-016, 187, 198, 204, 212, 181, 183
T-3-017, 178, 217, 183, 222, 138, 157
T-3-018, 186, 217, 222, 291, 156, 156
T-3-019, 213, 217, 204, 204, 151, 151
T-3-020, 179, 179, 333, 333, 161, 163
T-3-021, 161, 181, 262, 291, 133, 153
T-3-021, 179, 191, 252, 333, 163, 163
T-3-022, 161, 211, 264, 335, 142, 142
T-3-023, 186, 186, 256, 291, 0, 0
T-3-024, 187, 211, 264, 264, 142, 142
T-3-025, 161, 194, 0, 0, 133, 133
T-3-026, 168, 168, 222, 305, 133, 133
T-3-027, 0, 0, 212, 212, 160, 172
T-3-028, 171, 171, 292, 308, 133, 160
T-3-029, 191, 193, 292, 292, 133, 148
T-3-030, 177, 193, 292, 292, 133, 133
T-3-031, 206, 210, 288, 292, 133, 133
T-3-032, 183, 183, 0, 0, 133, 133
T-3-033, 196, 198, 255, 255, 131, 131
T-3-034, 213, 217, 0, 0, 133, 133
T-3-035, 217, 253, 254, 254, 133, 133
T-3-036, 205, 205, 258, 258, 153, 153
T-3-037, 204, 204, 245, 245, 173, 173
T-3-038, 182, 190, 227, 227, 0, 0
T-3-039, 161, 161, 219, 250, 168, 168
T-3-040, 174, 193, 242, 270, 130, 130
T-3-041, 187, 205, 240, 243, 162, 162
T-3-042, 187, 191, 212, 212, 158, 158
T-3-043, 0, 0, 242, 270, 178, 184
T-3-044, 0, 0, 212, 256, 158, 195
T-3-045, 191, 201, 0, 0, 158, 158
T-3-046, 186, 210, 229, 229, 157, 157
T-3-047, 193, 212, 219, 252, 133, 163
T-3-048, 193, 193, 216, 254, 186, 186
T-3-049, 161, 161, 253, 253, 0, 0
T-5-001, 191, 204, 204, 262, 123, 123
T-5-002, 204, 204, 212, 233, 161, 161
T-5-003, 161, 161, 236, 293, 133, 133
T-5-004, 191, 191, 233, 271, 133, 133
T-5-005, 204, 204, 233, 305, 157, 157
T-5-006, 161, 204, 204, 212, 176, 176
T-5-007, 195, 204, 256, 314, 159, 159
T-5-008, 161, 178, 212, 212, 163, 163
T-5-009, 161, 161, 234, 291, 157, 176
T-5-010, 181, 204, 229, 229, 161, 161
T-5-011, 201, 201, 212, 237, 164, 164
T-5-012, 174, 180, 214, 229, 160, 160
T-5-013, 163, 211, 245, 268, 165, 173
T-5-014, 178, 191, 233, 233, 161, 183
T-5-015, 188, 188, 241, 241, 128, 128
T-5-016, 186, 204, 225, 252, 148, 148
T-5-017, 182, 191, 225, 229, 155, 161
T-5-018, 196, 204, 229, 229, 157, 157
T-5-019, 178, 191, 223, 242, 142, 142
T-5-020, 202, 204, 229, 270, 161, 188
T-5-021, 174, 204, 233, 264, 157, 162
T-5-022, 178, 191, 233, 314, 157, 161
T-5-023, 186, 197, 233, 250, 148, 157
T-5-024, 187, 204, 233, 275, 157, 157
T-5-025, 191, 191, 233, 245, 161, 161
T-5-026, 159, 179, 222, 229, 176, 176
T-5-027, 186, 186, 241, 250, 148, 148
T-5-028, 191, 204, 229, 256, 161, 161
T-5-029, 176, 176, 225, 229, 172, 172
T-5-030, 176, 191, 229, 316, 161, 173
T-5-031, 174, 204, 229, 272, 157, 157
T-5-032, 189, 204, 256, 272, 161, 161
T-5-033, 178, 204, 242, 316, 157, 176
T-5-034, 174, 191, 229, 229, 161, 161
T-5-035, 193, 205, 212, 212, 161, 161
T-5-036, 191, 191, 229, 245, 157, 183
T-5-037, 191, 191, 229, 329, 161, 176
T-5-038, 161, 161, 214, 225, 0, 0
T-5-039, 196, 204, 233, 307, 161, 183
T-5-040, 189, 204, 233, 266, 151, 161
T-5-041, 171, 204, 0, 0, 157, 176
T-5-042, 208, 210, 208, 233, 155, 155
T-5-043, 183, 191, 231, 246, 166, 173
T-5-044, 161, 188, 222, 264, 162, 183
T-5-045, 187, 201, 254, 337, 157, 157
T-5-046, 195, 204, 271, 307, 133, 133
T-5-047, 0, 0, 212, 222, 161, 161
T-5-048, 176, 189, 242, 314, 173, 173
T-5-049, 176, 176, 212, 235, 0, 0
T-5-050, 189, 204, 233, 271, 157, 165
T-5-051, 176, 183, 242, 286, 133, 171
T-5-052, 202, 204, 0, 0, 142, 142
T-5-053, 213, 213, 225, 242, 128, 151
T-5-054, 189, 204, 229, 250, 161, 161
T-5-055, 211, 213, 225, 242, 151, 151
T-5-056, 193, 193, 242, 291, 133, 185
T-5-057, 163, 204, 229, 258, 157, 157
T-5-058, 168, 171, 233, 275, 157, 183
T-5-059, 177, 177, 233, 275, 157, 183
T-5-060, 195, 202, 233, 301, 161, 163
T-5-061, 198, 198, 267, 267, 176, 176
T-5-062, 186, 204, 242, 250, 176, 176
T-5-063, 159, 179, 233, 252, 161, 161
T-5-064, 197, 204, 229, 237, 166, 166
T-5-065, 185, 206, 212, 217, 131, 176
T-5-066, 194, 204, 246, 246, 130, 161
T-5-067, 176, 204, 242, 250, 176, 176
T-5-068, 174, 188, 229, 229, 172, 172
T-5-069, 187, 196, 225, 229, 128, 133
T-5-070, 191, 196, 208, 229, 157, 188
T-5-071, 209, 209, 212, 265, 265, 265
T-5-072, 176, 204, 233, 233, 161, 161
T-5-073, 211, 211, 216, 216, 163, 171
T-5-074, 176, 191, 231, 233, 157, 157
T-5-075, 0, 0, 229, 229, 142, 160
T-5-076, 187, 204, 245, 245, 161, 161
T-5-077, 174, 204, 235, 235, 161, 161
T-5-078, 205, 210, 242, 270, 176, 176
T-5-079, 174, 204, 233, 233, 161, 161
T-5-080, 161, 171, 233, 242, 161, 161
T-5-081, 171, 191, 233, 242, 161, 161
T-5-082, 157, 193, 239, 270, 133, 188
T-5-083, 161, 172, 233, 233, 157, 157
T-5-084, 174, 204, 208, 246, 172, 183
T-5-085, 174, 197, 212, 250, 157, 157
T-5-086, 193, 193, 225, 225, 173, 173
T-5-087, 202, 204, 223, 233, 142, 161
T-5-088, 183, 204, 227, 265, 161, 161
T-5-089, 180, 204, 233, 233, 133, 161
T-5-090, 183, 205, 225, 225, 0, 0
T-5-091, 161, 205, 173, 182, 0, 0
T-5-092, 204, 204, 233, 242, 157, 176
T-5-093, 204, 212, 212, 229, 157, 157
T-5-094, 196, 204, 208, 258, 0, 0
T-5-095, 191, 191, 233, 246, 161, 161
T-5-096, 183, 204, 233, 250, 157, 185
T-5-097, 180, 204, 227, 233, 142, 157
T-5-098, 196, 206, 212, 212, 130, 130
T-5-099, 179, 197, 219, 223, 161, 164
T-5-100, 192, 204, 212, 233, 161, 161
T-5-101, 206, 206, 283, 283, 155, 155
T-5-102, 182, 206, 285, 331, 133, 155
T-5-103, 161, 204, 212, 233, 161, 164
T-5-104, 171, 202, 204, 219, 183, 183
T-5-105, 196, 205, 241, 241, 173, 173
T-5-106, 191, 205, 233, 329, 109, 109
T-5-107, 171, 191, 229, 229, 157, 173
T-5-108, 186, 191, 217, 229, 157, 157
T-5-109, 204, 204, 217, 217, 188, 188
T-5-110, 179, 191, 222, 234, 140, 140
T-5-111, 178, 195, 233, 233, 133, 133
T-5-112, 176, 176, 225, 225, 183, 183
T-5-113, 204, 204, 229, 237, 161, 161
T-5-114, 161, 173, 212, 212, 0, 0
T-5-115, 165, 186, 258, 258, 164, 164
T-5-116, 155, 168, 226, 270, 147, 147
T-5-117, 159, 171, 237, 237, 130, 130
T-5-118, 192, 204, 233, 314, 157, 157
T-5-119, 161, 182, 204, 231, 162, 171
T-5-120, 188, 197, 256, 270, 176, 176
T-5-121, 188, 197, 254, 270, 176, 176
T-5-122, 191, 191, 225, 229, 157, 161
T-5-123, 0, 0, 217, 322, 133, 133
T-5-124, 193, 201, 245, 291, 133, 159
T-5-125, 191, 204, 214, 264, 161, 172
T-5-126, 177, 191, 229, 283, 157, 173
T-5-127, 201, 204, 223, 233, 142, 161
T-5-128, 183, 204, 264, 312, 161, 161
T-5-129, 186, 197, 212, 233, 157, 157
T-5-130, 185, 191, 233, 237, 159, 162
T-4-001, 161, 181, 214, 265, 133, 161
T-4-002, 183, 197, 268, 270, 155, 166
T-4-003, 177, 191, 229, 283, 157, 173
T-4-004, 161, 181, 212, 264, 139, 149
T-4-005, 179, 191, 224, 226, 161, 166
T-4-006, 193, 213, 214, 287, 133, 133
T-4-007, 186, 186, 220, 265, 159, 159
T-4-008, 183, 186, 226, 226, 166, 166
T-4-009, 189, 202, 204, 246, 133, 166
T-4-010, 192, 204, 220, 256, 133, 163
T-4-011, 183, 210, 219, 314, 133, 133
T-4-012, 182, 192, 214, 216, 133, 183
T-4-013, 183, 195, 241, 241, 133, 161
T-4-014, 179, 183, 246, 285, 164, 166
T-4-015, 191, 191, 222, 237, 133, 163
T-4-016, 194, 194, 220, 220, 0, 0
T-4-017, 182, 207, 246, 246, 133, 168
T-4-018, 161, 177, 222, 222, 130, 130
T-4-019, 182, 204, 239, 246, 133, 166
T-4-020, 195, 195, 214, 265, 163, 163
T-4-021, 196, 204, 219, 246, 133, 133
T-4-022, 197, 199, 212, 218, 0, 0
T-4-023, 199, 204, 220, 220, 138, 166
T-4-024, 204, 204, 246, 333, 133, 162
T-4-025, 164, 164, 241, 258, 162, 173
T-4-026, 202, 204, 216, 246, 166, 169
T-4-027, 161, 204, 246, 258, 166, 183
T-4-028, 196, 206, 245, 260, 135, 162
T-4-029, 178, 183, 246, 250, 133, 133
T-4-030, 183, 197, 246, 246, 166, 176
T-4-031, 193, 193, 219, 241, 148, 163
T-4-032, 203, 204, 246, 246, 166, 166
T-4-033, 188, 204, 222, 222, 133, 133
T-4-034, 188, 204, 222, 325, 162, 183
T-4-035, 161, 183, 231, 231, 166, 166
T-4-036, 178, 183, 246, 252, 166, 166
T-4-037, 183, 183, 246, 254, 133, 133
T-4-038, 174, 204, 236, 240, 181, 181
T-4-039, 204, 213, 235, 246, 133, 183
T-4-040, 190, 205, 312, 312, 162, 183
T-4-041, 193, 205, 0, 0, 166, 166
T-4-042, 171, 183, 241, 250, 133, 133
T-4-043, 196, 204, 0, 0, 147, 166
T-4-044, 181, 183, 0, 0, 166, 166
T-4-045, 179, 187, 0, 0, 166, 166
T-4-046, 180, 204, 314, 314, 166, 170
T-4-047, 191, 191, 227, 227, 127, 127
T-4-048, 199, 199, 227, 227, 133, 133
T-4-049, 205, 205, 223, 248, 133, 162
T-4-050, 179, 183, 246, 256, 130, 166
T-4-051, 183, 206, 235, 246, 133, 133
T-4-052, 202, 205, 216, 222, 158, 163
T-4-053, 179, 183, 267, 270, 133, 133
T-4-054, 193, 205, 0, 0, 149, 166
T-4-055, 239, 239, 239, 245, 133, 175
T-4-056, 192, 212, 212, 246, 166, 166
T-4-057, 183, 210, 332, 332, 0, 0
T-4-058, 192, 192, 216, 274, 175, 175
T-4-059, 183, 204, 246, 248, 133, 166
T-4-060, 182, 204, 0, 0, 128, 157
T-4-061, 171, 208, 0, 0, 133, 133
T-4-062, 202, 202, 246, 264, 133, 133
T-4-063, 174, 174, 212, 242, 139, 139
T-4-064, 204, 210, 291, 293, 166, 166
T-4-065, 183, 201, 212, 246, 133, 173
T-6-001, 161, 177, 239, 245, 171, 185
T-6-002, 161, 179, 204, 232, 162, 171
T-6-003, 179, 187, 212, 216, 163, 163
T-6-004, 174, 178, 254, 301, 133, 157
T-6-005, 161, 161, 0, 0, 147, 147
T-6-006, 197, 210, 241, 301, 172, 176
T-6-007, 179, 187, 206, 210, 155, 155
T-6-008, 197, 210, 235, 295, 168, 169
T-6-009, 180, 214, 294, 330, 124, 168
T-6-010, 188, 204, 212, 336, 130, 130
T-6-011, 179, 209, 216, 244, 123, 123
T-6-012, 179, 217, 216, 242, 158, 158
T-6-013, 179, 179, 224, 302, 162, 162
T-6-014, 199, 199, 216, 223, 130, 130
T-6-015, 204, 204, 216, 216, 158, 174
T-6-016, 179, 187, 231, 231, 153, 153
T-6-017, 204, 204, 0, 0, 158, 158
T-6-018, 205, 209, 238, 255, 128, 163
T-6-019, 178, 179, 242, 301, 162, 166
T-6-020, 180, 204, 216, 218, 158, 158
T-6-021, 161, 204, 245, 313, 163, 163
T-6-022, 177, 191, 254, 301, 0, 0
T-6-023, 184, 204, 217, 238, 130, 130
T-6-024, 179, 201, 216, 228, 130, 130
T-6-025, 208, 210, 300, 347, 164, 170
T-6-026, 179, 183, 212, 216, 171, 171
T-6-027, 161, 188, 244, 252, 130, 157
T-6-028, 174, 180, 216, 216, 184, 184
T-6-029, 168, 174, 250, 250, 0, 0
T-6-030, 184, 204, 217, 238, 130, 161
T-6-031, 183, 214, 212, 226, 160, 160
T-6-032, 183, 187, 218, 246, 144, 144
T-6-033, 179, 183, 254, 289, 157, 157
T-6-034, 206, 208, 212, 222, 184, 184
T-6-035, 163, 208, 243, 274, 155, 155
T-6-036, 178, 210, 222, 222, 176, 190
T-6-037, 179, 211, 216, 308, 158, 158
T-6-038, 161, 196, 212, 281, 155, 172
T-6-039, 179, 179, 227, 273, 149, 149
T-6-040, 211, 211, 206, 220, 174, 174
T-6-041, 174, 190, 210, 222, 123, 163
T-6-042, 197, 208, 254, 301, 166, 166
T-6-043, 161, 179, 250, 254, 163, 163
T-6-044, 193, 209, 244, 301, 175, 175
T-6-045, 197, 197, 254, 254, 162, 162
T-6-046, 205, 205, 240, 240, 0, 0
T-6-047, 161, 179, 221, 221, 162, 162
T-6-048, 179, 191, 239, 239, 0, 0
T-6-049, 161, 198, 341, 349, 173, 173
T-6-050, 196, 196, 229, 282, 158, 172
T-6-051, 0, 0, 250, 264, 0, 0
T-6-052, 188, 204, 212, 246, 131, 131
T-6-053, 189, 189, 212, 301, 130, 159
T-6-054, 179, 179, 210, 242, 123, 124
T-6-055, 193, 211, 266, 301, 162, 162
T-6-056, 183, 195, 246, 281, 153, 163
T-6-057, 183, 189, 0, 0, 133, 133
T-6-058, 161, 194, 216, 216, 131, 131
T-6-059, 176, 180, 331, 333, 165, 173
T-6-060, 161, 179, 240, 300, 131, 131
T-6-061, 161, 207, 237, 237, 155, 176
T-6-062, 187, 191, 245, 258, 148, 173
T-6-063, 179, 191, 216, 245, 166, 166
T-6-064, 161, 188, 250, 254, 147, 159
T-6-065, 180, 204, 301, 301, 162, 162
T-6-066, 204, 204, 240, 338, 170, 170
T-6-067, 168, 192, 212, 242, 184, 184
T-6-068, 0, 0, 212, 212, 164, 164
T-6-069, 171, 179, 244, 244, 148, 162
T-6-070, 192, 192, 233, 273, 158, 158
T-6-071, 186, 204, 216, 245, 155, 155
T-6-072, 0, 0, 222, 237, 0, 0
T-6-073, 193, 193, 208, 222, 158, 158
T-6-074, 208, 208, 270, 285, 0, 0
T-6-075, 174, 199, 233, 239, 163, 179
T-6-076, 179, 197, 216, 270, 158, 181
T-6-077, 174, 204, 212, 216, 133, 133
T-6-078, 179, 224, 254, 268, 162, 162
T-6-079, 187, 187, 265, 331, 0, 0
T-6-080, 179, 197, 231, 231, 162, 162
T-6-081, 179, 205, 214, 301, 162, 162
T-6-082, 206, 208, 212, 231, 158, 162
T-6-083, 214, 224, 214, 222, 0, 0
T-6-084, 174, 210, 216, 228, 131, 171
T-6-085, 179, 179, 231, 330, 130, 130
T-6-086, 188, 206, 216, 238, 133, 175
T-6-087, 0, 0, 212, 216, 0, 0
T-6-088, 163, 191, 0, 0, 0, 0
*locus1 = PmOSU_1C3, locus 2 = PmOSU_1F9, locus 3 = PmOSU_2D4 

